graphs/graph_16_03_05_34_23.png
0 4 102 0 59 53 0 
0 4 102 0 59 53 0 
0 4 102 0 59 53 0 
0 4 102 0 59 53 0 
0 4 102 0 59 53 0 
0 4 102 0 59 53 0 
0 4 102 0 59 53 0 
0 4 102 0 59 53 0 
0 4 102 0 59 53 0 
0 4 102 0 59 53 0 
0 4 102 0 59 53 0 
0 4 102 0 59 53 0 
0 4 102 0 59 53 0 
0 4 102 0 59 53 0 
0 4 102 0 59 53 0 
0 4 102 0 59 53 0 
0 4 102 0 59 53 0 
0 4 102 0 59 53 0 
0 4 102 0 59 53 0 
0 4 102 0 59 53 0 
0 4 102 0 59 53 0 
0 4 102 0 59 53 0 
0 4 102 0 59 53 0 
0 4 102 0 59 53 0 
0 4 102 0 59 53 0 
0 4 102 0 59 53 0 
0 4 102 0 59 53 0 
0 4 102 0 59 53 0 
0 4 102 0 59 53 0 
0 4 102 0 59 53 0 
0 4 102 0 59 53 0 
0 4 102 0 59 53 0 
0 4 102 0 59 53 0 
0 4 102 0 59 53 0 
0 4 102 0 59 53 0 
0 4 102 0 59 53 0 
0 4 102 0 59 53 0 
0 4 102 0 59 53 0 
0 4 102 0 59 53 0 
0 4 102 0 59 53 0 
0 4 102 0 59 53 0 
0 4 102 0 59 53 0 
0 4 102 0 59 53 0 
0 4 102 0 59 53 0 
0 4 102 0 59 53 0 
0 4 102 0 59 53 0 
0 4 102 0 59 53 0 
0 4 102 0 59 53 0 
0 4 102 0 59 53 0 
0 4 102 0 59 53 0 
0 4 102 0 59 53 0 
0 4 102 0 59 53 0 
